1.000000
0.995004
0.980067
0.955336
0.921061
0.877583
0.825336
0.764842
0.696707
0.621610
0.540302
0.453596
0.362357
0.267498
0.169967
0.070736
-0.029200
-0.128845
-0.227203
-0.323291
-0.416148
-0.504847
-0.588502
-0.666277
-0.737395
-0.801145
-0.856890
-0.904074
-0.942224
-0.970960
-0.989994
-0.999137
-0.998296
-0.987481
-0.966800
-0.936458
-0.896760
-0.848101
-0.790969
-0.725933
-0.653645
-0.574825
-0.490262
-0.400800
-0.307333
-0.210796
-0.112153
-0.012389
0.087499
0.186512
0.283662
0.377978
0.468517
0.554375
0.634694
0.708671
0.775567
0.834714
0.885521
0.927480
0.960171
0.983270
0.996543
0.999860
0.993186
0.976589
0.950234
0.914384
0.869399
0.815726
0.753903
0.684548
0.608352
0.526078
0.438548
0.346636
0.251261
0.153374
0.053956
-0.046002
-0.145500
-0.243544
-0.339155
-0.431377
-0.519289
-0.602012
-0.678720
-0.748647
-0.811093
-0.865435
-0.911131
-0.947722
-0.974844
-0.992226
-0.999693
-0.997172
-0.984688
-0.962365
-0.930426
-0.889191
-0.839072
